0 0 0 0 0 0 0 0 0 0 0 0 0 0 0 0 0 0 0 0 0 0 0 0 0 0 0 0 0 0 0 0 
0 0 0 0 0 0 0 0 0 0 0 0 0 0 0 0 0 0 0 0 0 0 0 0 0 0 0 0 0 0 0 0 
0 0 0 0 0 0 0 0 0 0 0 0 0 0 0 0 0 0 0 0 0 0 0 0 0 0 0 0 0 0 0 0 
0 0 0 0 0 0 0 0 0 0 0 0 0 0 0 0 0 0 16 159 0 0 0 0 0 0 0 0 0 0 0 0 
0 0 0 0 0 0 0 0 0 0 0 0 0 0 0 0 0 0 175 239 255 255 207 0 0 0 0 0 0 0 0 0 
0 0 0 0 0 0 0 0 0 0 0 0 0 0 0 0 207 255 255 255 255 255 255 255 207 0 0 0 0 0 0 0 
0 0 0 0 0 0 0 0 0 0 0 0 0 0 207 255 239 0 0 0 0 0 0 0 239 207 0 0 0 0 0 0 
0 0 0 0 0 0 0 0 0 0 0 0 0 207 239 0 0 0 0 0 0 0 0 0 0 239 207 0 0 0 0 0 
0 0 0 0 0 0 0 0 0 0 0 0 207 239 0 0 0 0 0 0 0 0 0 0 0 0 255 0 0 0 0 0 
0 0 0 0 0 0 0 0 0 0 207 255 239 0 0 0 0 0 0 0 0 0 0 0 0 0 239 207 0 0 0 0 
0 0 0 0 0 0 0 0 0 0 255 0 0 0 0 0 0 0 0 0 0 0 159 0 0 0 0 255 0 0 0 0 
0 0 0 0 0 0 0 0 0 207 239 0 0 0 0 0 0 0 0 0 207 255 239 0 0 0 0 255 0 0 0 0 
0 0 0 0 0 0 0 0 207 239 0 0 0 0 159 0 0 0 0 0 223 223 0 0 0 0 0 255 0 0 0 0 
0 0 0 0 0 0 0 0 255 0 0 0 0 0 255 207 0 0 0 0 0 0 0 0 0 0 0 255 0 0 0 0 
0 0 0 0 0 0 0 0 255 0 0 0 0 0 255 239 0 0 0 0 0 0 0 0 0 0 207 239 0 0 0 0 
0 0 0 0 0 0 0 0 255 0 0 0 0 0 223 0 0 0 0 0 0 0 0 0 0 0 255 0 0 0 0 0 
0 0 0 0 0 0 0 207 239 0 0 0 0 0 0 0 0 0 0 0 0 0 0 0 0 0 255 0 0 0 0 0 
0 0 0 0 0 0 0 255 0 0 0 0 0 0 0 0 0 0 0 0 0 159 0 0 0 0 255 0 0 0 0 0 
0 0 0 0 0 0 0 255 0 0 0 0 0 0 0 0 0 0 0 207 255 239 0 0 0 207 239 0 0 0 0 0 
0 0 0 0 0 0 0 255 0 0 0 0 0 159 0 0 0 0 207 239 0 0 0 0 0 255 0 0 0 0 0 0 
0 0 0 0 0 0 0 255 0 0 0 0 0 239 255 255 255 255 239 0 0 0 0 0 0 255 0 0 0 0 0 0 
0 0 0 0 0 0 0 255 0 0 0 0 0 0 0 0 0 0 0 0 0 0 0 0 207 239 0 0 0 0 0 0 
0 0 0 0 0 0 0 239 207 0 0 0 0 0 0 0 0 0 0 0 0 0 0 0 255 0 0 0 0 0 0 0 
0 0 0 0 0 0 0 0 239 207 0 0 0 0 0 0 0 0 0 0 0 0 207 255 239 0 0 0 0 0 0 0 
0 0 0 0 0 0 0 0 0 239 207 0 0 0 0 0 0 0 0 0 0 207 239 0 0 0 0 0 0 0 0 0 
0 0 0 0 0 0 0 0 0 0 239 255 207 0 0 0 0 0 0 0 207 239 0 0 0 0 0 0 0 0 0 0 
0 0 0 0 0 0 0 0 0 0 0 0 239 255 255 255 255 255 255 255 239 0 0 0 0 0 0 0 0 0 0 0 
0 0 0 0 0 0 0 0 0 0 0 0 0 0 0 0 0 0 0 0 0 0 0 0 0 0 0 0 0 0 0 0 
0 0 0 0 0 0 0 0 0 0 0 0 0 0 0 0 0 0 0 0 0 0 0 0 0 0 0 0 0 0 0 0 
0 0 0 0 0 0 0 0 0 0 0 0 0 0 0 0 0 0 0 0 0 0 0 0 0 0 0 0 0 0 0 0 
0 0 0 0 0 0 0 0 0 0 0 0 0 0 0 0 0 0 0 0 0 0 0 0 0 0 0 0 0 0 0 0 
0 0 0 0 0 0 0 0 0 0 0 0 0 0 0 0 0 0 0 0 0 0 0 0 0 0 0 0 0 0 0 0 
