0 0 0 0 0 0 0 0 0 0 0 0 0 0 0 0 0 0 0 0 0 0 0 0 0 0 0 0 0 0 0 0 
0 0 0 0 0 0 0 0 0 0 0 0 0 0 0 0 0 0 0 0 0 0 0 0 0 0 0 0 0 0 0 0 
0 0 0 0 0 0 0 0 0 0 0 0 0 207 255 255 255 255 207 0 0 0 0 0 0 0 0 0 0 0 0 0 
0 0 0 0 0 0 0 0 0 0 0 191 255 239 207 255 255 255 255 255 255 255 207 0 0 0 0 0 0 0 0 0 
0 0 0 0 0 0 0 0 0 0 0 207 255 255 239 0 0 0 0 0 255 0 239 255 207 0 0 0 0 0 0 0 
0 0 0 0 0 0 0 0 0 207 255 239 0 0 0 0 0 0 0 0 255 0 0 0 239 207 0 0 0 0 0 0 
0 0 0 0 0 0 0 16 207 239 0 0 0 0 0 0 0 0 0 0 223 0 0 0 0 239 207 0 0 0 0 0 
0 0 0 0 0 0 207 239 48 0 0 0 0 0 0 0 0 0 0 0 0 0 0 0 0 0 239 207 0 0 0 0 
0 0 0 0 0 207 239 0 0 0 0 0 0 0 0 0 0 0 0 0 0 0 0 0 0 0 0 255 0 0 0 0 
0 0 0 0 207 239 0 0 0 0 0 0 0 0 0 0 0 0 0 0 0 0 0 0 0 0 0 239 207 0 0 0 
0 0 0 207 239 0 0 0 0 0 0 0 0 0 0 0 0 207 191 207 207 0 0 0 0 0 0 0 255 0 0 0 
0 0 0 255 0 0 0 0 0 0 0 207 207 0 0 0 0 255 191 239 255 0 0 0 0 0 0 0 255 0 0 0 
0 0 0 255 0 0 0 0 0 0 207 239 255 0 0 0 0 255 0 0 255 0 0 0 0 0 0 0 255 0 0 0 
0 0 207 239 0 0 0 0 0 0 255 0 255 0 0 0 0 255 0 207 239 0 0 0 0 0 0 0 255 0 0 0 
0 0 255 0 0 0 0 0 0 0 239 255 239 0 0 0 0 255 207 239 0 0 0 0 0 0 0 207 239 0 0 0 
0 0 255 0 0 0 0 0 0 0 0 223 0 0 0 0 0 239 239 0 0 0 0 0 0 0 0 255 0 0 0 0 
0 0 255 0 0 0 0 0 0 0 0 0 0 0 0 0 0 0 0 0 0 0 0 0 0 0 207 239 0 0 0 0 
0 0 255 0 0 0 0 0 0 0 0 0 0 0 0 0 0 0 0 0 0 0 0 0 0 207 239 0 0 0 0 0 
0 0 255 0 0 0 0 0 0 0 0 0 0 0 0 0 0 0 0 0 0 0 0 0 0 255 0 0 0 0 0 0 
0 0 255 0 0 0 0 159 0 0 0 0 0 0 0 0 0 0 0 0 0 0 0 0 207 239 0 0 0 0 0 0 
0 0 255 0 0 0 0 239 207 0 0 0 0 0 0 159 0 0 0 0 0 0 0 207 239 0 0 0 0 0 0 0 
0 0 255 0 0 0 0 0 239 255 255 255 255 255 255 239 0 0 0 0 0 0 207 239 0 0 0 0 0 0 0 0 
0 0 239 207 0 0 0 0 0 0 0 0 0 0 0 0 0 0 0 0 0 207 239 0 0 0 0 0 0 0 0 0 
0 0 0 255 0 0 0 0 0 0 0 0 0 0 0 0 0 0 0 0 207 239 0 0 0 0 0 0 0 0 0 0 
0 0 0 239 255 207 0 0 0 0 0 0 0 0 0 0 0 0 0 207 239 0 0 0 0 0 0 0 0 0 0 0 
0 0 0 0 0 239 255 207 0 0 0 0 0 0 0 0 0 207 255 239 0 0 0 0 0 0 0 0 0 0 0 0 
0 0 0 0 0 0 0 239 255 207 0 0 0 0 0 16 207 239 0 0 0 0 0 0 0 0 0 0 0 0 0 0 
0 0 0 0 0 0 0 0 0 239 255 255 255 255 255 239 48 0 0 0 0 0 0 0 0 0 0 0 0 0 0 0 
0 0 0 0 0 0 0 0 0 0 0 0 0 0 0 0 0 0 0 0 0 0 0 0 0 0 0 0 0 0 0 0 
0 0 0 0 0 0 0 0 0 0 0 0 0 0 0 0 0 0 0 0 0 0 0 0 0 0 0 0 0 0 0 0 
0 0 0 0 0 0 0 0 0 0 0 0 0 0 0 0 0 0 0 0 0 0 0 0 0 0 0 0 0 0 0 0 
0 0 0 0 0 0 0 0 0 0 0 0 0 0 0 0 0 0 0 0 0 0 0 0 0 0 0 0 0 0 0 0 
