0 0 0 0 0 0 0 0 0 0 0 0 0 0 0 0 0 0 0 0 0 0 0 0 0 0 0 0 0 0 0 0 
0 0 0 0 0 0 0 0 0 0 0 0 0 0 0 0 0 0 0 0 0 0 0 0 0 0 0 0 0 0 0 0 
0 0 0 0 0 0 0 0 0 0 0 0 0 0 0 0 0 0 0 0 0 0 0 0 0 0 0 0 0 0 0 0 
0 0 0 0 0 0 0 0 0 0 0 0 0 0 0 0 0 0 0 0 0 0 0 0 0 0 0 0 0 0 0 0 
0 0 0 0 0 0 0 0 0 0 0 0 0 0 0 207 255 255 255 255 207 0 0 0 0 0 0 0 0 0 0 0 
0 0 0 0 0 0 0 0 0 0 0 0 207 255 255 239 0 0 191 255 255 207 0 0 0 0 0 0 0 0 0 0 
0 0 0 0 0 0 0 0 0 0 0 207 239 0 0 0 0 0 0 0 0 239 255 207 0 0 0 0 0 0 0 0 
0 0 0 0 0 0 0 0 0 0 207 239 0 0 0 0 0 0 0 0 0 0 0 239 207 0 0 0 0 0 0 0 
0 0 0 0 0 0 0 0 0 207 239 0 0 0 0 0 0 0 0 191 207 0 0 0 239 207 16 0 0 0 0 0 
0 0 0 0 0 0 0 0 207 239 0 0 0 0 0 0 0 0 0 0 255 0 0 0 0 48 239 207 0 0 0 0 
0 0 0 0 0 0 0 0 255 0 0 0 0 0 0 0 0 0 159 0 255 0 0 0 0 0 0 239 207 0 0 0 
0 0 0 0 0 0 0 207 239 0 0 0 0 0 0 0 0 0 255 207 239 0 0 0 0 0 0 0 239 207 0 0 
0 0 0 0 0 0 0 255 0 0 0 0 207 207 0 0 0 0 239 239 0 0 0 0 0 0 0 0 0 239 207 0 
0 0 0 0 0 0 0 255 0 0 0 207 239 255 0 0 0 0 0 0 0 0 0 0 0 0 0 0 0 0 239 207 
0 0 0 0 0 0 16 239 0 0 0 255 0 255 0 0 0 0 0 0 0 0 0 0 0 0 0 0 0 0 0 255 
0 0 0 0 0 0 207 48 0 0 0 239 255 239 0 0 0 0 0 0 0 0 0 0 0 207 191 0 0 0 0 255 
0 0 0 0 0 0 255 0 0 0 0 0 0 0 0 0 0 0 0 0 0 0 0 0 207 239 0 0 0 0 0 255 
0 0 0 0 0 0 255 0 0 0 0 0 0 0 0 0 0 0 0 0 0 0 0 207 239 0 0 0 0 0 0 255 
0 0 0 0 0 0 239 207 0 0 0 0 0 0 0 0 0 0 0 0 0 0 207 239 0 0 0 0 0 0 0 255 
0 0 0 0 0 0 0 239 207 0 0 0 0 0 0 0 0 0 0 0 0 207 239 0 0 0 0 0 0 0 207 239 
0 0 0 0 0 0 0 0 255 0 0 0 0 0 0 0 0 191 255 255 255 239 0 0 0 0 0 0 0 0 255 0 
0 0 0 0 0 0 0 0 239 207 0 0 0 0 0 0 0 0 0 0 0 0 0 0 0 0 0 0 0 207 239 0 
0 0 0 0 0 0 0 0 0 239 207 0 0 0 0 0 0 0 0 0 0 0 0 0 0 0 0 0 0 255 0 0 
0 0 0 0 0 0 0 0 0 0 239 207 0 0 0 0 0 0 0 0 0 0 0 0 0 0 0 207 255 239 0 0 
0 0 0 0 0 0 0 0 0 0 0 239 207 16 0 0 0 0 0 0 0 0 0 0 0 207 255 239 0 0 0 0 
0 0 0 0 0 0 0 0 0 0 0 0 48 239 255 255 207 0 0 0 0 0 0 0 207 239 0 0 0 0 0 0 
0 0 0 0 0 0 0 0 0 0 0 0 0 0 0 0 239 255 207 0 0 0 0 207 239 0 0 0 0 0 0 0 
0 0 0 0 0 0 0 0 0 0 0 0 0 0 0 0 0 0 239 255 255 255 255 239 0 0 0 0 0 0 0 0 
0 0 0 0 0 0 0 0 0 0 0 0 0 0 0 0 0 0 0 0 0 0 0 0 0 0 0 0 0 0 0 0 
0 0 0 0 0 0 0 0 0 0 0 0 0 0 0 0 0 0 0 0 0 0 0 0 0 0 0 0 0 0 0 0 
0 0 0 0 0 0 0 0 0 0 0 0 0 0 0 0 0 0 0 0 0 0 0 0 0 0 0 0 0 0 0 0 
0 0 0 0 0 0 0 0 0 0 0 0 0 0 0 0 0 0 0 0 0 0 0 0 0 0 0 0 0 0 0 0 
