0 0 0 0 0 0 0 0 0 0 0 0 0 0 0 0 0 0 0 0 0 0 0 0 0 0 0 0 0 0 0 0 
0 0 0 0 0 0 0 0 0 0 0 0 0 0 0 0 0 0 0 0 0 0 0 0 0 0 0 0 0 0 0 0 
0 0 0 0 0 0 0 0 0 72 223 255 255 255 255 255 255 223 96 0 0 0 0 0 0 0 0 0 0 0 0 0 
0 0 0 0 0 0 0 0 0 231 255 255 255 255 255 255 255 255 255 255 223 96 0 0 0 0 0 0 0 0 0 0 
0 0 0 0 0 0 0 72 223 255 255 255 255 255 255 255 255 255 255 255 255 255 223 96 0 0 0 0 0 0 0 0 
0 0 0 0 0 0 72 239 255 255 255 255 255 255 255 255 255 255 255 255 255 255 255 255 223 96 0 0 0 0 0 0 
0 0 0 0 0 72 239 255 255 255 255 255 255 255 255 255 255 255 255 120 255 255 255 255 255 247 96 0 0 0 0 0 
0 0 0 0 0 231 255 255 255 151 0 0 0 0 0 0 120 255 151 0 0 120 255 255 255 255 247 96 0 0 0 0 
0 0 0 0 72 255 255 255 151 0 0 0 0 0 0 0 0 0 0 0 0 0 0 120 255 255 255 247 96 0 0 0 
0 0 0 0 231 255 255 255 0 0 0 0 0 0 0 0 0 0 0 72 191 96 0 0 120 255 255 255 247 96 0 0 
0 0 0 0 255 255 255 151 0 0 0 0 0 0 0 0 0 0 0 231 255 247 0 0 0 120 255 255 255 247 0 0 
0 0 0 0 255 255 255 0 0 0 72 191 223 223 96 0 0 0 0 255 255 255 0 0 0 0 120 255 255 255 0 0 
0 0 0 0 255 255 255 0 0 0 231 255 255 255 247 0 0 0 72 255 255 255 0 0 0 0 0 255 255 255 0 0 
0 0 0 0 255 255 255 0 0 0 255 255 255 255 255 0 0 0 231 255 255 255 0 0 0 0 0 255 255 255 0 0 
0 0 0 0 255 255 255 0 0 0 255 255 255 255 255 0 0 0 255 255 255 255 0 0 0 0 0 255 255 255 0 0 
0 0 0 0 255 255 255 0 0 0 255 255 255 255 255 0 0 0 247 255 255 151 0 0 0 0 0 255 255 255 0 0 
0 0 0 0 255 255 255 0 0 0 247 255 255 255 255 0 0 0 120 255 151 0 0 0 0 0 0 255 255 255 0 0 
0 0 0 0 255 255 255 0 0 0 120 255 255 255 151 0 0 0 0 0 0 0 0 0 0 0 0 255 255 255 0 0 
0 0 0 0 255 255 255 0 0 0 0 0 0 0 0 0 0 0 0 0 0 72 223 223 96 0 0 255 255 255 0 0 
0 0 0 0 255 255 255 0 0 0 0 0 0 0 0 0 0 0 0 0 72 239 255 255 247 0 0 255 255 255 0 0 
0 0 0 0 255 255 255 0 0 0 72 223 223 96 0 0 0 0 0 0 231 255 255 255 151 0 0 255 255 255 0 0 
0 0 0 0 255 255 255 0 0 0 223 255 255 247 96 0 0 0 0 104 255 255 255 151 0 0 72 255 255 255 0 0 
0 0 0 0 255 255 255 96 0 0 120 255 255 255 255 223 96 0 72 239 255 255 167 0 0 0 231 255 255 255 0 0 
0 0 0 0 247 255 255 247 0 0 0 120 255 255 255 255 255 255 255 255 255 255 8 0 0 104 255 255 255 151 0 0 
0 0 0 0 120 255 255 255 96 0 0 0 120 255 255 255 255 255 255 255 255 151 0 0 96 239 255 255 167 0 0 0 
0 0 0 0 0 247 255 255 255 223 96 0 0 0 120 255 255 255 255 255 151 0 72 223 255 255 255 255 8 0 0 0 
0 0 0 0 0 120 255 255 255 255 255 223 96 0 0 0 0 0 0 0 0 72 239 255 255 255 255 151 0 0 0 0 
0 0 0 0 0 0 120 255 255 255 255 255 255 255 223 96 0 0 0 0 72 239 255 255 255 167 8 0 0 0 0 0 
0 0 0 0 0 0 0 0 120 255 255 255 255 255 255 255 255 255 255 255 255 255 255 255 151 0 0 0 0 0 0 0 
0 0 0 0 0 0 0 0 0 0 120 255 255 255 255 255 255 255 255 255 255 255 255 151 0 0 0 0 0 0 0 0 
0 0 0 0 0 0 0 0 0 0 0 0 0 120 255 255 255 255 255 255 255 255 151 0 0 0 0 0 0 0 0 0 
0 0 0 0 0 0 0 0 0 0 0 0 0 0 0 0 0 0 0 0 0 0 0 0 0 0 0 0 0 0 0 0 
