0 0 0 0 0 0 0 0 0 0 0 0 0 0 0 0 0 0 0 0 0 0 0 0 0 0 0 0 0 0 0 0 
0 0 0 0 0 0 0 0 0 0 0 0 0 0 0 72 223 255 255 223 96 0 0 0 0 0 0 0 0 0 0 0 
0 0 0 0 0 0 0 0 0 0 0 0 96 223 255 255 255 255 255 255 255 255 255 255 255 255 223 96 0 0 0 0 
0 0 0 0 0 0 0 0 0 0 72 223 255 255 255 255 255 255 255 255 255 255 255 255 255 255 255 247 96 0 0 0 
0 0 0 0 0 0 0 0 0 96 239 255 255 255 255 255 255 151 120 255 255 255 255 255 255 255 255 255 247 0 0 0 
0 0 0 0 0 0 0 72 223 255 255 255 255 167 8 0 0 0 0 0 0 120 255 255 255 255 255 255 151 0 0 0 
0 0 0 0 0 0 72 239 255 255 255 255 151 0 0 0 0 0 0 0 0 0 0 120 255 255 255 247 96 0 0 0 
0 0 0 0 0 72 239 255 255 255 167 8 0 0 0 0 0 0 0 0 0 0 0 0 120 255 255 255 247 0 0 0 
0 0 0 0 0 231 255 255 255 151 0 0 0 0 0 0 0 0 0 0 0 0 0 0 0 120 255 255 255 96 0 0 
0 0 0 0 72 255 255 255 151 0 0 0 0 0 0 0 0 0 0 0 0 0 0 0 0 0 247 255 255 247 0 0 
0 0 0 0 231 255 255 255 0 0 0 0 0 0 0 0 0 0 0 0 0 0 0 0 0 0 120 255 255 255 0 0 
0 0 0 72 255 255 255 151 0 0 72 191 135 191 96 0 0 0 0 72 191 96 0 0 0 0 0 255 255 255 0 0 
0 0 0 231 255 255 255 0 0 0 231 255 255 255 247 0 0 0 0 231 255 247 0 0 0 0 0 255 255 255 96 0 
0 0 0 255 255 255 151 0 0 0 247 255 255 255 255 0 0 0 0 247 255 255 0 0 0 0 0 247 255 255 247 0 
0 0 0 255 255 255 0 0 0 0 120 255 255 255 151 0 0 0 0 120 255 151 0 0 0 0 0 120 255 255 255 0 
0 0 0 255 255 255 0 0 0 0 0 0 0 0 0 0 0 0 0 0 0 0 0 0 0 0 0 0 255 255 255 0 
0 0 0 255 255 255 0 0 0 0 0 0 0 0 0 0 0 0 0 0 0 0 0 0 0 0 0 0 255 255 255 0 
0 0 0 255 255 255 0 0 0 0 0 0 0 0 0 0 0 0 0 0 0 0 0 0 0 0 0 0 255 255 255 0 
0 0 0 255 255 255 0 0 0 0 0 0 0 0 0 0 0 0 0 0 0 0 0 0 0 0 0 0 255 255 255 96 
0 0 0 255 255 255 0 0 0 0 0 0 0 0 0 0 0 0 0 0 0 0 0 0 0 0 0 0 247 255 255 247 
0 0 0 255 255 255 96 0 0 0 0 0 0 0 0 96 223 255 255 255 255 223 96 0 0 0 0 0 159 255 255 255 
0 0 0 247 255 255 247 0 0 0 0 0 0 72 223 255 255 255 255 255 255 255 255 223 96 0 0 0 231 255 255 255 
0 0 0 120 255 255 255 0 0 0 0 0 72 239 255 255 255 255 255 255 255 255 255 255 247 96 0 0 255 255 255 151 
0 0 0 0 255 255 255 96 0 0 0 72 239 255 255 255 167 8 0 0 120 255 255 255 255 247 0 0 255 255 255 0 
0 0 0 0 247 255 255 247 0 0 0 223 255 255 255 151 0 0 0 0 0 0 120 255 255 151 0 0 255 255 255 0 
0 0 0 0 120 255 255 255 96 0 0 120 255 255 151 0 0 0 0 0 0 0 0 0 0 0 0 72 255 255 255 0 
0 0 0 0 0 247 255 255 247 96 0 0 0 0 0 0 0 0 0 0 0 0 0 0 0 0 72 239 255 255 255 0 
0 0 0 0 0 120 255 255 255 247 0 0 0 0 0 0 0 0 0 0 0 0 0 0 0 72 239 255 255 255 151 0 
0 0 0 0 0 0 120 255 255 255 223 96 0 0 0 0 0 0 0 0 0 0 0 72 223 255 255 255 255 151 0 0 
0 0 0 0 0 0 0 143 255 255 255 255 255 223 104 0 0 0 0 0 0 72 223 255 255 255 255 255 151 0 0 0 
0 0 0 0 0 0 0 8 159 255 255 255 255 255 255 255 255 255 255 255 255 255 255 255 255 255 255 151 0 0 0 0 
0 0 0 0 0 0 0 0 0 120 255 255 255 255 255 255 255 255 255 255 255 255 255 255 255 151 0 0 0 0 0 0 
