0 0 0 0 0 0 0 0 0 0 0 0 0 0 0 0 0 0 0 0 0 0 0 0 0 0 0 0 0 0 0 0 
0 0 0 0 0 0 0 0 0 0 0 0 0 0 0 0 0 0 0 0 0 0 0 0 0 0 0 0 0 0 0 0 
0 0 0 0 0 0 0 0 0 0 0 0 0 0 0 191 255 207 16 0 0 0 0 0 0 0 0 0 0 0 0 0 
0 0 0 0 0 0 0 0 0 0 207 255 255 255 255 255 255 255 255 207 16 0 0 0 0 0 0 0 0 0 0 0 
0 0 0 0 0 0 0 0 207 255 239 0 0 0 0 0 0 0 0 239 255 207 0 0 0 0 0 0 0 0 0 0 
0 0 0 0 0 0 0 207 239 0 0 0 0 0 0 0 0 0 0 0 223 239 255 207 0 0 0 0 0 0 0 0 
0 0 0 0 0 0 0 255 0 0 0 0 0 0 0 0 0 0 0 0 0 0 0 239 207 0 0 0 0 0 0 0 
0 0 0 0 0 0 207 239 0 0 0 0 0 0 0 0 0 0 0 0 0 0 0 0 239 255 207 0 0 0 0 0 
0 0 0 0 0 16 239 0 0 0 0 0 0 0 0 0 0 0 0 0 0 0 0 0 0 0 255 0 0 0 0 0 
0 0 0 0 0 207 48 0 0 0 0 0 0 0 0 0 0 207 255 207 0 0 0 0 0 0 239 207 0 0 0 0 
0 0 0 0 0 255 0 0 0 0 0 0 0 0 0 0 0 255 255 255 0 0 0 0 0 0 0 255 0 0 0 0 
0 0 0 0 207 239 0 0 0 0 159 0 0 0 0 0 0 239 255 239 0 0 0 0 0 0 0 255 0 0 0 0 
0 0 0 0 255 0 0 0 246 255 252 191 0 0 0 0 0 0 0 0 0 0 0 0 0 0 0 255 0 0 0 0 
0 0 0 0 255 0 0 191 255 255 239 0 0 0 0 0 0 0 0 0 0 0 0 0 0 0 0 255 0 0 0 0 
0 0 0 0 255 0 0 0 0 0 0 0 0 0 0 0 0 0 0 0 0 0 0 0 0 0 0 255 0 0 0 0 
0 0 0 0 255 0 0 0 0 0 0 0 0 0 0 0 0 0 0 0 0 0 0 0 0 0 0 255 0 0 0 0 
0 0 0 0 255 0 0 0 0 0 0 0 0 0 0 0 0 0 0 0 0 0 0 0 0 0 0 255 0 0 0 0 
0 0 0 0 255 0 0 0 0 0 0 0 0 0 0 0 0 0 0 0 0 0 0 0 0 0 0 255 0 0 0 0 
0 0 0 0 255 0 0 0 0 0 0 0 0 0 0 0 0 0 0 0 0 0 0 0 0 0 207 239 0 0 0 0 
0 0 0 0 255 0 0 0 0 0 0 0 0 0 0 0 0 0 0 0 0 0 0 0 0 16 239 0 0 0 0 0 
0 0 0 0 255 0 0 0 0 0 0 0 0 0 0 0 207 255 255 255 255 255 191 0 0 207 48 0 0 0 0 0 
0 0 0 0 239 207 0 0 0 0 0 0 0 0 207 255 239 0 0 0 0 0 0 0 0 255 0 0 0 0 0 0 
0 0 0 0 0 255 0 0 0 0 0 0 191 255 239 0 0 0 0 0 0 0 0 0 207 239 0 0 0 0 0 0 
0 0 0 0 0 239 207 0 0 0 0 0 0 0 0 0 0 0 0 0 0 0 0 207 239 0 0 0 0 0 0 0 
0 0 0 0 0 0 239 207 0 0 0 0 0 0 0 0 0 0 0 0 0 0 207 239 0 0 0 0 0 0 0 0 
0 0 0 0 0 0 0 239 255 207 0 0 0 0 0 0 0 0 0 0 0 0 255 0 0 0 0 0 0 0 0 0 
0 0 0 0 0 0 0 0 0 239 255 255 255 207 0 0 0 0 0 0 0 207 239 0 0 0 0 0 0 0 0 0 
0 0 0 0 0 0 0 0 0 0 0 0 0 239 255 255 255 255 255 255 255 239 0 0 0 0 0 0 0 0 0 0 
0 0 0 0 0 0 0 0 0 0 0 0 0 0 0 0 0 0 0 0 0 0 0 0 0 0 0 0 0 0 0 0 
0 0 0 0 0 0 0 0 0 0 0 0 0 0 0 0 0 0 0 0 0 0 0 0 0 0 0 0 0 0 0 0 
0 0 0 0 0 0 0 0 0 0 0 0 0 0 0 0 0 0 0 0 0 0 0 0 0 0 0 0 0 0 0 0 
0 0 0 0 0 0 0 0 0 0 0 0 0 0 0 0 0 0 0 0 0 0 0 0 0 0 0 0 0 0 0 0 
