3 3
-62 -62
-58 -58
6 6
-28 -28
-35 -35
-31 -31
-37 -37
-14 -14
-36 -36
57 57
-38 -38
-52 -52
-39 -39
-32 -32
-27 -27
36 36
-2 -2
-37 -37
31 31
44 44
-2 -2
-47 -47
-74 -74
55 55
13 13
-11 -11
17 17
8 8
-15 -15
20 20
-57 -57
-31 -31
-17 -17
44 44
71 71
-37 -37
53 53
30 30
7 7
-79 -79
2 2
-4 -4
48 48
45 45
28 28
-8 -8
-27 -27
60 60
-55 -55
-25 -25
44 44
-66 -66
-95 -95
75 75
4 4
79 79
-45 -45
24 24
-25 -25
-11 -11
-14 -14
-26 -26
-6 -6
18 18
-11 -11
-44 -44
-21 -21
77 77
5 5
43 43
-3 -3
16 16
-2 -2
7 7
9 9
-73 -73
27 27
5 5
34 34
9 9
-36 -36
9 9
-93 -93
30 30
-10 -10
-31 -31
48 48
38 38
-23 -23
19 19
-9 -9
-68 -68
-53 -53
37 37
8 8
58 58
10 10
-32 -32
1 1
-72 -72
20 20
25 25
34 34
14 14
60 60
-52 -52
79 79
19 19
13 13
9 9
-47 -47
46 46
34 34
32 32
13 13
22 22
-90 -90
-51 -51
-37 -37
6 6
-56 -56
22 22
-18 -18
-1 -1
-4 -4
-31 -31
-73 -73
16 16
-18 -18
43 43
8 8
-24 -24
13 13
-38 -38
36 36
47 47
-29 -29
3 3
-42 -42
-51 -51
61 61
3 3
-18 -18
-3 -3
14 14
55 55
5 5
40 40
-44 -44
-6 -6
-34 -34
-29 -29
11 11
-61 -61
-75 -75
24 24
-50 -50
-26 -26
45 45
-5 -5
59 59
34 34
80 80
-17 -17
-28 -28
27 27
23 23
23 23
-26 -26
4 4
47 47
-15 -15
54 54
-20 -20
-22 -22
60 60
77 77
2 2
-85 -85
-8 -8
66 66
72 72
17 17
23 23
-90 -90
-10 -10
3 3
5 5
-18 -18
5 5
-88 -88
46 46
9 9
-7 -7
33 33
-42 -42
4 4
-63 -63
26 26
61 61
-64 -64
40 40
-28 -28
-5 -5
30 30
15 15
-36 -36
-21 -21
-39 -39
46 46
9 9
41 41
30 30
34 34
39 39
-61 -61
44 44
13 13
-28 -28
24 24
7 7
-56 -56
-1 -1
-2 -2
-54 -54
3 3
-56 -56
-37 -37
-25 -25
81 81
-9 -9
-8 -8
-1 -1
53 53
12 12
25 25
15 15
-56 -56
-8 -8
-77 -77
33 33
40 40
21 21
3 3
1 1
61 61
-42 -42
28 28
6 6
-19 -19
-43 -43
38 38
-72 -72
-65 -65
-29 -29
-43 -43
-64 -64
33 33
54 54
53 53
74 74
46 46
68 68
36 36
-49 -49
44 44
23 23
29 29
62 62
-30 -30
74 74
41 41
78 78
67 67
59 59
-15 -15
-14 -14
13 13
1 1
28 28
14 14
-39 -39
54 54
-12 -12
54 54
1 1
38 38
-15 -15
-36 -36
-6 -6
71 71
-43 -43
-42 -42
59 59
20 20
63 63
-41 -41
24 24
-35 -35
29 29
22 22
-6 -6
72 72
-26 -26
31 31
8 8
-1 -1
-42 -42
36 36
17 17
4 4
-10 -10
3 3
-24 -24
-73 -73
-65 -65
-14 -14
8 8
-92 -92
42 42
3 3
-8 -8
67 67
8 8
-32 -32
7 7
52 52
-13 -13
-88 -88
23 23
24 24
-13 -13
-14 -14
-33 -33
29 29
-16 -16
-41 -41
-21 -21
-75 -75
77 77
60 60
13 13
-19 -19
67 67
-33 -33
31 31
-1 -1
-2 -2
13 13
-69 -69
22 22
-77 -77
-11 -11
54 54
-10 -10
-45 -45
66 66
8 8
19 19
-8 -8
-32 -32
-26 -26
-10 -10
52 52
-16 -16
47 47
45 45
-65 -65
-79 -79
-56 -56
-29 -29
-41 -41
14 14
-15 -15
-5 -5
19 19
-52 -52
31 31
64 64
-58 -58
14 14
-45 -45
6 6
-11 -11
-68 -68
-16 -16
-20 -20
-59 -59
-37 -37
-23 -23
-47 -47
-28 -28
-11 -11
-12 -12
38 38
3 3
21 21
7 7
1 1
-50 -50
-19 -19
36 36
-18 -18
5 5
-51 -51
2 2
-20 -20
52 52
-22 -22
-77 -77
-76 -76
64 64
-15 -15
-83 -83
19 19
-30 -30
4 4
8 8
30 30
78 78
44 44
-67 -67
51 51
41 41
-24 -24
-56 -56
-10 -10
-6 -6
29 29
-36 -36
-19 -19
44 44
-13 -13
-78 -78
13 13
-1 -1
-72 -72
-71 -71
18 18
-41 -41
-65 -65
47 47
9 9
-49 -49
4 4
35 35
-7 -7
23 23
78 78
50 50
45 45
-3 -3
-71 -71
1 1
-55 -55
-7 -7
62 62
4 4
-67 -67
11 11
65 65
24 24
25 25
-9 -9
-61 -61
45 45
-63 -63
55 55
16 16
14 14
-33 -33
40 40
-1 -1
2 2
-2 -2
18 18
59 59
-78 -78
-16 -16
-14 -14
-47 -47
56 56
22 22
9 9
-35 -35
-6 -6
30 30
11 11
-71 -71
-38 -38
-26 -26
85 85
19 19
17 17
-29 -29
25 25
-14 -14
15 15
-61 -61
-59 -59
-5 -5
38 38
-28 -28
7 7
10 10
-25 -25
-2 -2
20 20
-82 -82
19 19
-9 -9
13 13
-27 -27
-19 -19
0 0
-31 -31
9 9
-31 -31
-49 -49
-18 -18
-54 -54
-52 -52
22 22
-39 -39
6 6
29 29
25 25
22 22
71 71
-38 -38
26 26
-33 -33
-14 -14
16 16
-35 -35
-51 -51
60 60
-44 -44
-34 -34
-31 -31
-3 -3
-80 -80
42 42
-29 -29
47 47
-64 -64
65 65
6 6
38 38
-12 -12
-27 -27
63 63
-13 -13
-37 -37
36 36
29 29
27 27
54 54
-11 -11
-18 -18
-40 -40
-45 -45
-31 -31
25 25
-64 -64
10 10
52 52
-6 -6
-55 -55
-55 -55
-63 -63
66 66
-29 -29
-67 -67
-2 -2
-6 -6
-15 -15
-16 -16
-37 -37
64 64
-78 -78
12 12
48 48
13 13
-37 -37
25 25
30 30
-38 -38
-38 -38
61 61
-39 -39
70 70
57 57
-49 -49
15 15
19 19
-62 -62
10 10
85 85
78 78
32 32
46 46
42 42
-37 -37
4 4
64 64
32 32
-37 -37
-59 -59
-43 -43
30 30
-8 -8
-45 -45
-48 -48
25 25
-12 -12
-71 -71
-34 -34
-5 -5
23 23
54 54
65 65
-30 -30
23 23
-10 -10
15 15
4 4
35 35
57 57
-1 -1
66 66
-15 -15
20 20
-34 -34
-19 -19
-85 -85
25 25
-79 -79
55 55
7 7
-28 -28
13 13
-71 -71
-17 -17
36 36
-33 -33
-31 -31
45 45
5 5
-48 -48
-3 -3
-27 -27
46 46
-30 -30
85 85
47 47
-1 -1
-14 -14
-40 -40
14 14
51 51
-5 -5
-14 -14
56 56
-48 -48
-24 -24
-73 -73
24 24
-10 -10
75 75
19 19
-15 -15
29 29
-2 -2
39 39
-66 -66
46 46
9 9
73 73
-29 -29
-26 -26
26 26
-3 -3
26 26
-8 -8
-37 -37
18 18
29 29
67 67
37 37
-13 -13
-55 -55
51 51
8 8
-33 -33
-4 -4
27 27
-7 -7
72 72
58 58
17 17
23 23
-30 -30
-66 -66
27 27
44 44
41 41
42 42
44 44
11 11
-18 -18
3 3
34 34
33 33
-36 -36
-83 -83
-83 -83
-83 -83
-56 -56
24 24
-31 -31
-67 -67
-41 -41
-2 -2
-21 -21
-35 -35
21 21
23 23
12 12
-40 -40
-53 -53
-42 -42
22 22
-1 -1
-75 -75
38 38
45 45
-48 -48
-5 -5
6 6
60 60
-12 -12
34 34
35 35
-85 -85
74 74
24 24
-73 -73
6 6
13 13
-49 -49
25 25
70 70
47 47
-77 -77
44 44
-29 -29
16 16
91 91
5 5
-55 -55
-31 -31
59 59
69 69
-30 -30
45 45
-67 -67
12 12
97 97
21 21
-36 -36
-45 -45
-2 -2
-10 -10
21 21
-4 -4
-76 -76
40 40
-43 -43
-51 -51
-62 -62
48 48
-34 -34
-26 -26
24 24
34 34
8 8
-81 -81
7 7
-4 -4
6 6
47 47
5 5
12 12
45 45
-59 -59
-44 -44
2 2
3 3
35 35
-81 -81
12 12
58 58
-14 -14
45 45
-6 -6
-26 -26
79 79
28 28
-59 -59
52 52
4 4
-27 -27
-20 -20
26 26
3 3
-11 -11
72 72
-2 -2
-40 -40
-60 -60
41 41
-1 -1
41 41
-38 -38
-52 -52
13 13
22 22
54 54
13 13
70 70
-22 -22
-21 -21
5 5
-39 -39
19 19
-29 -29
64 64
-21 -21
-54 -54
-61 -61
57 57
-53 -53
-62 -62
-19 -19
30 30
67 67
-39 -39
57 57
-25 -25
-20 -20
67 67
-45 -45
20 20
-13 -13
28 28
12 12
27 27
11 11
7 7
-32 -32
-53 -53
-4 -4
-19 -19
71 71
22 22
-50 -50
1 1
71 71
43 43
39 39
-67 -67
-44 -44
10 10
24 24
10 10
54 54
27 27
-38 -38
8 8
64 64
84 84
19 19
24 24
6 6
-52 -52
38 38
-3 -3
-8 -8
12 12
25 25
-39 -39
-72 -72
33 33
45 45
-77 -77
-29 -29
29 29
-9 -9
-20 -20
20 20
42 42
-40 -40
3 3
-1 -1
69 69
41 41
54 54
-34 -34
59 59
28 28
-27 -27
-11 -11
-63 -63
54 54
29 29
-2 -2
-17 -17
-37 -37
-41 -41
5 5
-16 -16
5 5
64 64
-22 -22
-64 -64
6 6
-94 -94
62 62
-25 -25
13 13
-10 -10
28 28
-31 -31
11 11
52 52
7 7
-38 -38
-21 -21
36 36
50 50
64 64
-68 -68
-50 -50
13 13
58 58
33 33
-12 -12
-28 -28
0 0
-16 -16
50 50
-8 -8
51 51
86 86
-72 -72
-42 -42
39 39
65 65
32 32
-33 -33
-44 -44
-10 -10
10 10
2 2
44 44
-35 -35
24 24
54 54
31 31
-39 -39
-77 -77
55 55
9 9
0 0
46 46
-21 -21
67 67
46 46
30 30
-14 -14
82 82
16 16
-41 -41
-20 -20
58 58
50 50
-88 -88
-8 -8
73 73
-42 -42
-41 -41
69 69
10 10
4 4
12 12
10 10
-8 -8
-1 -1
